Threshold: 0.018554091077502548
Accuracy: 0.850958126330731
Precision: 0.9668802365697388
Recall: 0.7643575157796306
F1 Score: 0.8537731743406737
ROC AUC Score: 0.9530640569739691
AUPRC: 0.9594632292289289
