Threshold: 0.01930874570813409
Accuracy: 0.8195528743789922
Precision: 0.9375062393930318
Recall: 0.7317852411750955
F1 Score: 0.8219693654266959
ROC AUC Score: 0.9532596215141873
AUPRC: 0.9644118216572031
